1.294481188925164972e+01
1.011005209170442853e+01
8.858698137967518704e+00
1.081203104566218443e+01
7.998189091485388147e+00
8.419617769100824489e+00
8.984749086127491680e+00
8.487349402707572210e+00
7.046598568174510469e+00
6.573975007558662931e+00
8.703195183387867573e+00
9.999946863154120180e+00
1.047759969494831189e+01
9.535307188701882097e+00
9.004758434445799153e+00
8.165564008801602824e+00
7.271790154763269065e+00
7.974481390517159873e+00
7.871927415933893890e+00
7.004570447040610048e+00
1.067774930330604022e+01
1.188926508647265834e+01
7.873496840871061053e+00
6.792095321297323629e+00
9.625636527662344122e+00
8.529455290302774273e+00
1.044999139794454734e+01
6.345979463109927110e+00
6.452512396229360014e+00
1.694072748066389877e+01
1.043163377054757213e+01
1.403446923478846564e+01
8.197778365671458900e+00
8.907519830785847859e+00
1.000060463938151578e+01
9.072900681697348091e+00
1.192038752809013324e+01
9.606880071291570289e+00
1.647980052015742913e+01
1.109979926874921752e+01
9.270194419536272434e+00
1.128085548694216911e+01
9.483137075008627903e+00
8.878171779262856944e+00
1.655599563019441334e+01
1.012979964294518354e+01
1.121011401209849900e+01
1.017574412920886928e+01
1.200428564107878771e+01
1.335549486031979072e+01
8.739702942476181846e+00
9.549373710495043355e+00
1.409228730922226980e+01
9.012109501855160687e+00
2.123772981241773650e+01
1.041285189367064312e+01
1.086356058798575930e+01
1.119152531781647042e+01
9.090974263186108573e+00
1.500646400417493354e+01
1.636216969768807417e+01
1.218747841555151012e+01
1.405139524388627059e+01
1.391038232908399586e+01
1.130227649868007589e+01
1.222641368105631088e+01
1.295556864292577259e+01
1.368230116431438326e+01
1.937194971072096550e+01
1.727289091764661677e+01
1.215744859569332270e+01
1.155928429926954948e+01
1.129000882775382131e+01
1.342467817264554952e+01
1.664443616248710356e+01
1.041034357809071587e+01
1.556145269010810850e+01
2.075092819415968037e+01
1.604991097070718453e+01
1.775337758679415501e+01
1.223302143077320459e+01
1.788800144172886064e+01
1.752448360587903409e+01
1.751691325430399715e+01
1.437208801482574572e+01
1.734499987958421130e+01
1.559666276516729511e+01
1.450463843244885176e+01
1.758513568488469403e+01
2.186579686024496993e+01
1.358808303506228832e+01
1.594363167618357480e+01
1.732855617085430922e+01
1.368376435438232264e+01
1.715296411169848056e+01
1.361169489818204426e+01
1.411235448159735029e+01
2.300791562400375412e+01
1.861581192139148300e+01
1.451106741067275863e+01
1.454186437565186196e+01
2.304876916943603504e+01
2.176886496212308231e+01
1.859948893296087036e+01
1.918878420336233503e+01
1.771128180472128832e+01
1.484553934115296769e+01
1.719888216000812520e+01
2.081022864193889177e+01
2.577942074929939054e+01
1.800278443554273267e+01
1.510777813546081383e+01
1.321066269711093000e+01
2.774412429899062360e+01
2.112109167517493802e+01
1.626091951525918589e+01
1.244563913950374179e+01
1.654059175257975767e+01
1.859277214825965174e+01
1.726477282568813365e+01
1.713743284532553091e+01
1.446353366848044963e+01
1.371786080901780203e+01
1.391324994562368644e+01
1.995723344751026573e+01
1.763654058495348309e+01
2.261183036524064605e+01
1.979697955304933643e+01
1.953208922238530576e+01
1.864992063154958046e+01
1.978836945679556081e+01
2.171606196696059143e+01
2.404771269058963412e+01
2.277081083139222883e+01
2.386022400129807508e+01
2.072505841871963383e+01
2.324450123434579041e+01
1.960879489035761480e+01
2.109801080247373051e+01
3.120347198884079987e+01
2.226724924427269414e+01
2.298488545232000391e+01
1.720264997765755410e+01
2.621104423001069605e+01
3.063167131301555912e+01
1.604860952927673878e+01
1.974254497959230292e+01
2.281747231821494282e+01
2.380310013626296950e+01
2.614192284140814593e+01
2.772879862571668852e+01
2.539853751317974684e+01
2.476223510911407644e+01
2.811878792759980783e+01
2.786860881029986459e+01
2.920963183095642179e+01
1.855216666838826356e+01
2.102844124203739185e+01
2.410967340047927010e+01
2.380796953642012070e+01
2.459738305422975913e+01
2.304745416469739894e+01
2.405296301500214184e+01
2.342696458895454725e+01
2.563963397801086685e+01
1.921323628765478375e+01
2.629726540712057314e+01
2.555812389909990401e+01
2.204213981207159279e+01
2.276803804961348376e+01
2.381336271397081816e+01
2.164605760253802558e+01
2.345771961348355106e+01
2.052962893009565093e+01
2.504695478660772778e+01
2.669973875813215258e+01
2.650176581262067899e+01
2.684648402057988292e+01
2.644571599501142245e+01
2.760455400122267378e+01
2.495947251510533604e+01
2.856675237160206038e+01
2.890663535116251026e+01
2.425263513920483405e+01
2.721892868684990674e+01
2.490247715205256895e+01
2.547502770268290462e+01
2.332962817489668694e+01
2.563872170966646280e+01
3.117062086595800707e+01
2.901383063071343926e+01
2.994761515428290366e+01
2.942883227808406943e+01
2.832235953185747235e+01
2.901140386769067092e+01
2.484521123871356352e+01
2.384916145493322404e+01
2.686418952456225995e+01
2.478100570204491859e+01
2.576529300775991516e+01
3.001218901103149861e+01
2.325328010018107605e+01
2.879891470329231851e+01
2.698637809588030834e+01
3.064029973080980795e+01
2.944169689415483049e+01
2.680791145761882177e+01
2.953168039837260750e+01
2.638224989872146153e+01
2.569733877114514797e+01
3.434111060322072007e+01
3.216542744659472675e+01
3.568297546174434842e+01
2.995147492468284156e+01
3.879423762746070992e+01
3.551722245120764399e+01
3.835291578144828151e+01
3.815500042729323127e+01
3.293936765131815747e+01
3.571765698400483302e+01
3.539046446584706729e+01
3.097591580433403635e+01
3.138396099098172698e+01
3.082845496795621898e+01
3.409503473285599995e+01
3.293904506914674357e+01
3.514759000775617892e+01
2.994765967501574977e+01
3.673070456730280853e+01
3.063609169913332408e+01
3.440264279767363576e+01
3.439403234969306311e+01
3.455442348511151351e+01
3.331633936554033681e+01
3.580525657983882581e+01
3.510647395811341909e+01
3.032644087128248955e+01
3.489284536777722678e+01
3.522345593804534758e+01
3.263343237840477684e+01
